              precision    recall  f1-score   support

           A     0.9346    0.8218    0.8746       174
           B     0.9148    0.9096    0.9122       177
           C     0.9262    0.6313    0.7508       179
           D     0.9921    0.7241    0.8372       174
           E     0.9086    0.9883    0.9468       171
           F     0.9430    0.8563    0.8976       174
           G     0.9936    0.8757    0.9309       177
           H     0.9767    0.7159    0.8262       176
           I     0.6777    0.9162    0.7791       179
           J     0.6604    0.9831    0.7901       178
           K     0.5362    0.8409    0.6549       176
           L     0.6410    0.9831    0.7761       178
           M     0.9281    0.8452    0.8847       168
           N     0.8280    0.8953    0.8603       172
           O     0.8602    0.9302    0.8939       172
           P     0.9679    0.8629    0.9124       175
           Q     1.0000    0.7661    0.8675       171
           R     0.9103    0.8068    0.8554       176
           S     0.9733    0.4078    0.5748       179
           T     0.8768    0.7035    0.7806       172
           U     0.7325    0.9653    0.8329       173
           V     0.8630    0.7000    0.7730       180
           W     0.9611    0.9719    0.9665       178
           X     0.7445    0.9713    0.8429       174
           Y     0.9764    0.7045    0.8185       176
           Z     0.8515    0.9829    0.9125       175

    accuracy                         0.8364      4554
   macro avg     0.8684    0.8369    0.8366      4554
weighted avg     0.8680    0.8364    0.8360      4554
